9.318332827883042402e-01 -7.239950846275144958e-02 3.762950156974509408e-02 2.472985236142018900e-02 2.503856572906227457e-02 1.376829165089476018e-02 3.747523925601539685e-02 4.780718787297433270e-02 -1.734014997298687771e-02 -1.790602816731385882e-01 6.833360293058560186e-02 1.299014870174916014e-01 1.136208448726748303e-02 1.148260830257828539e-02 6.310991068845114849e-02 2.765450201644259476e-03 -6.740238088214460521e-02 -4.243581953942354712e-02 5.151640515177506596e-02 4.273548353478767020e-02 1.193318795129529875e-01 3.513833465830434183e-02 -1.752248573035655038e-02 -2.131648794840843193e-03 -3.218402065945602519e-02 4.768471642025069734e-02 4.894295219521157397e-02 4.903944639941432843e-02 1.555826156822943430e-02 2.479754896589426300e-02 -9.446428351324945294e-02 -2.210504981536784430e-02 -7.486647863285705862e-03 1.528965312782329736e-02 4.704448944447601338e-02 4.911932618182052873e-02 -7.734640873459049104e-02 5.148066545877939826e-03 -5.473921505600846255e-02 2.424344247752167197e-02 1.075903945393428748e-02 -4.218618929948597662e-03 -4.060216909436329541e-02 -2.410663110146062105e-02 3.167044728218217087e-02 6.193871666872097226e-02 3.788539401465617490e-02 -5.086931005998530236e-02 -3.778403122480909482e-01 7.466914171345503948e-02 -2.436467834354893221e-03 -1.619532862159862169e-02 1.611279989155384737e-03 -2.750973894573734146e-02 1.440782705903863141e-02 -3.440723817771101402e-03 1.518379730731804142e-02 1.290625201235878240e-02 7.847560933368942851e-03 -1.311914309786110962e-02 1.429258510290412620e-02 -6.197582526717806614e-03 -2.412980356857994009e-03 -4.406822548579323803e-03 2.388590805648609094e-02 -4.005192081305990887e-03 -4.381425669713979142e-03 3.999498149647662086e-03 6.054698926664311975e-04 1.770541403904561661e-02 6.743216580117165904e-03 1.979370532401523303e-03 2.242782873732342575e-03 -1.773651221452019616e-02 -5.086352251057933704e-03 8.869928063146084729e-03 -1.078819857356830975e-02 -3.417317709727324664e-03 3.126642739138273705e-04 2.133333882211755628e-01 -3.988767436229688598e-04 -1.095084978784451567e-03 -2.397143384776809563e-02 1.587435221459088368e-03
-7.239950846275144958e-02 9.967540967657066986e-01 2.467785766273353221e-02 4.570019382199775118e-03 -7.366915486205181073e-03 -2.002217670350458709e-02 -7.825044381390072051e-03 -2.852635129288299751e-03 5.662266777011598293e-03 3.891346792707278679e-02 -1.959561589378758586e-02 -3.672085992741913607e-02 -1.186540817222956311e-02 -1.531968254797107113e-04 -6.514910159671786702e-04 8.493381346988368094e-03 1.097210255846432433e-02 7.326854819970176659e-03 3.349264725886920424e-02 4.080939069006991882e-02 -3.230257935671921286e-03 1.317094190152550727e-02 9.052229079024764341e-03 -1.562350567979788225e-02 -4.954561731365733288e-03 -4.499055007390093813e-03 -3.024353305609130908e-03 -2.196010784640585120e-02 1.506546245029556988e-02 -3.815202084187323955e-03 -4.569522689497739626e-03 3.936429138391565538e-03 4.688345032395993019e-03 8.672325093359901232e-03 -1.838175524259414231e-02 -3.697695194271906349e-02 2.860336184609665877e-02 1.141362311691958634e-02 -3.570454018671332524e-03 8.736167831619158497e-03 -1.473342502482416320e-02 1.789942368292914837e-02 5.383125733494410065e-03 1.737087160575518600e-03 2.919350163244216131e-03 -3.024387613855177644e-04 5.946745259514983964e-03 2.621711810370273496e-02 9.761840763656751477e-03 4.418241849307623197e-03 -6.507107761737744578e-02 -5.235423142239829103e-02 1.204105848311069205e-01 1.048796538017493160e-02 -5.956590958568608318e-02 9.439289941487048925e-04 -4.828376919081313334e-03 -5.755372085177435336e-03 -8.403358022526214929e-03 6.767641118045397697e-03 -1.687848427324987934e-03 -9.787403499856840022e-03 -1.981437114452762327e-03 -1.309267992757504571e-02 -4.220606243206715194e-03 -6.222760563871863188e-04 4.884897603315502615e-03 -3.786546891280012693e-04 -1.618867073987964242e-02 -3.065542830847806880e-03 -1.341167345884204665e-02 -2.709695311628806773e-03 -1.110021067452791714e-02 1.273738310664761231e-04 -1.472194222282878322e-03 -7.543976803222005034e-02 -1.401127178475368093e-02 7.071891071020039096e-03 5.350226280697753696e-03 -2.415773684843459251e-02 3.090540839063133337e-03 9.583177842041080974e-05 1.362262324110100897e-01 -6.242236667223419709e-03
3.762950156974509408e-02 2.467785766273353221e-02 9.518785340276614271e-01 -1.191881801965266868e-03 1.153362919140741953e-02 1.818203938832060329e-01 -1.085921359434825935e-02 -4.553955722637776510e-02 1.664742161382151220e-03 -1.971356170839463559e-02 5.532786848483679798e-02 1.039774403922076734e-01 -2.475607878344181917e-02 2.297821282137480284e-03 -4.859624769083159546e-02 2.514867292548795055e-02 4.128856461862464265e-03 7.972400360011918860e-03 1.765583941498761328e-02 2.752120335498380380e-02 3.626916583592262183e-02 2.551205981878293741e-02 -2.593874717941753102e-02 -1.844614769308931812e-02 -1.201295395803704362e-02 1.318361616685787604e-03 4.050067858869636772e-02 -2.981437368983323732e-02 8.250711413371750874e-03 1.882386911391260506e-02 -4.908172628194928250e-02 -2.433341786473023349e-01 1.185824786277589991e-02 2.266116640031501928e-01 -9.954294471236154948e-03 1.113331924101325504e-01 1.137105340097928075e-01 4.410357373976935003e-02 -1.182917856023611713e-01 -7.554105487693017762e-02 -6.900805357151595931e-02 6.158282798792310414e-02 -1.814117096226377027e-02 -2.406459943405166169e-02 1.367101286348685607e-01 -4.841263523328851598e-02 -1.257553820735299588e-01 -2.307936195912971278e-02 -5.467498140128029815e-02 -2.916515966925419256e-01 -1.046106030276159823e-03 -1.675785998843356498e-03 -9.752225593699340167e-02 -7.253671986877408516e-03 8.456089422909715547e-02 8.193069207404288928e-03 -3.046648628665418225e-03 5.826062902229880991e-03 8.517675194103326020e-03 4.113421943325108916e-03 -3.888545611970346556e-03 2.083946470850966612e-02 9.830107930782382847e-03 2.524906860691379651e-03 6.606439236143117621e-03 1.365697431478895933e-03 -2.936939636961444916e-03 -3.189906932843484047e-03 -7.606287426318497635e-03 1.243944351758674138e-03 2.754093823878612460e-03 -4.222461439424340934e-03 -4.630239638016909673e-03 5.226727031203577938e-04 -1.361975614909907706e-02 -1.895446262559098705e-02 1.399021770337325688e-03 8.286063534750228235e-03 1.216672586061240229e-02 3.379301510153038257e-01 2.837140150386601757e-03 2.186714109266404416e-01 1.764574317730766700e-02 -1.118631866107278917e-02
2.472985236142018900e-02 4.570019382199775118e-03 -1.191881801965266868e-03 9.227223256578206412e-01 -6.361618793510953607e-02 2.347959299027182339e-02 -1.906912273873959118e-02 -1.444174000605218978e-02 -2.889913302074151747e-04 -2.059916376432557178e-02 6.220792473127128436e-02 2.563424478106860610e-02 -1.419319572181987517e-02 1.109764097317746806e-03 3.122152868804960266e-03 9.688453905742312397e-04 -3.616124000748490320e-03 -2.409788717768445755e-03 -1.914689528620139650e-03 -2.265668354598762875e-03 -3.017588341394391357e-03 -8.252560762336396414e-05 -1.154652633686765323e-02 -1.446387243485981744e-02 -2.492952382483267925e-04 3.210885084030129510e-02 -1.586140178752828978e-02 6.805132463070512686e-03 4.374488469021115510e-03 1.315480865220019502e-01 -1.974952640841021179e-02 -7.544129173901979735e-03 -1.313672512895121443e-03 -1.780495767060653531e-02 1.193133475009477973e-02 -5.956256875789055043e-04 -3.470986561378780824e-03 -1.155515663264926503e-02 -4.620613782539050030e-03 9.100422056163904629e-04 4.283323259742601030e-02 -1.271676302125935611e-02 4.032888378639233780e-03 -1.442021786628302875e-02 -1.263266254859339403e-02 3.099169673305754609e-03 1.644576906358132667e-02 -3.484076767418516985e-04 -2.292494251812229010e-03 1.907925163220264763e-03 1.072127332412262189e-03 1.027646103663704819e-02 1.767100939958716945e-04 1.815860675639576274e-03 -5.980407944951235399e-03 -1.930216771330448087e-03 2.023473407821436369e-03 -5.444915894527229891e-03 1.610797112764528801e-03 -4.005527588809927077e-03 -1.348284869944861098e-03 1.637075484090847605e-02 7.530583162397687727e-04 -3.185112613591807498e-03 -4.490588575597195126e-03 8.127312999839587243e-03 -1.544776581259041208e-03 -4.129246547519607713e-04 -2.928643877851675771e-03 -1.876238778684510009e-03 -1.535279861932763298e-03 -9.106933285850675377e-04 8.484503414070289351e-03 5.239530949718969322e-03 -1.830285016612999026e-03 -3.134700693821780224e-03 -1.947296240224538665e-04 -3.672150889331919632e-03 1.214755840058260282e-02 -1.383860445790915938e-02 7.493189784535508316e-04 -1.075166700592015447e-02 -3.792428594112767261e-03 -7.436871146053902759e-03
2.503856572906227457e-02 -7.366915486205181073e-03 1.153362919140741953e-02 -6.361618793510953607e-02 9.717903893836334905e-01 1.990405312933152954e-02 3.457798612187716961e-03 8.133477967758045643e-03 -1.879897780960167793e-03 -1.700603499699244667e-02 9.400632149638099566e-03 1.759401925848757056e-02 -2.107810448814321103e-03 -2.594797698730424897e-03 -3.069263867503805795e-03 2.979598183672407113e-04 -5.297561185300444370e-03 -1.033463760267472158e-02 -1.361863785940113604e-03 1.444135282014022631e-03 1.676431263777786434e-03 -9.250832809398279802e-03 3.104501946389201343e-03 -6.387962452224831868e-03 3.933441562570133034e-03 3.044902649998482147e-02 -6.322040165388181573e-03 2.311784188085028169e-02 2.291292871722107154e-03 2.184664208769923274e-02 -1.507590727885186471e-02 -1.116726440314855066e-02 6.393821733536909219e-03 2.461636639738059087e-03 1.465613069289731230e-02 -1.937313700024952037e-03 -9.241031614180321430e-03 -2.971342071841981229e-03 -1.869805836547389771e-02 -4.550828353545193806e-03 1.907282298445803215e-02 -6.181280804653092355e-03 6.253731725424886180e-03 -1.981446074719888251e-03 1.324500015929369091e-03 -3.179653494475210510e-03 1.019117209207122052e-02 -3.512041649772782922e-03 -1.651871647381542713e-02 -1.571605113694482872e-02 -7.031412553933183082e-03 1.803523418392904108e-03 -6.142691456344412382e-03 -7.355281430226812047e-04 6.388327422922046410e-03 5.268895208493180188e-03 6.291346761052534972e-03 1.188019466129683517e-02 6.320092769848764842e-03 -5.474690211559909286e-03 2.626021021421912939e-03 2.695812258174558676e-03 2.655282187328322687e-03 2.256828483737419698e-04 -8.066335233698432999e-03 -7.789880358503383992e-03 -4.608381384145245931e-03 -2.686087993074028155e-03 -1.231835535943823744e-04 -4.829287608066043513e-03 -5.765920088076036815e-03 -3.525340475652338768e-03 7.893294096673801261e-03 7.712282118223096235e-03 -3.673504574921879380e-03 5.072493643652794225e-03 4.830667199338582393e-03 -5.084319702022232351e-03 7.242854694788953759e-03 1.396256684411740709e-02 -3.203819544378191508e-03 -5.859616271351867842e-03 -1.389798075512022751e-02 -5.190144528210808260e-03
1.376829165089476018e-02 -2.002217670350458709e-02 1.818203938832060329e-01 2.347959299027182339e-02 1.990405312933152954e-02 9.351300030841848132e-01 1.777430610752172777e-03 3.338808556422385998e-03 -1.327004718632276460e-02 -2.736098090032806907e-03 9.250032492003384954e-02 8.810088628969632574e-02 -2.677759345930355930e-02 -9.283506461712101240e-03 -1.501413926348950101e-01 -3.039491087550283757e-02 -8.285835609345228170e-02 -3.169054364591441381e-02 -6.643867058456584540e-03 9.993983258473278545e-05 3.334177850227760392e-03 -1.330593540250738123e-02 3.391138476409432008e-03 1.992333237554642922e-02 3.481095056655329756e-02 3.025666747265702561e-02 3.629073830735990436e-02 2.588378667587776238e-02 -5.377245260708445398e-03 4.235145798718339960e-02 -5.510507682946805263e-02 -6.176636665759530076e-02 1.370343436420699921e-03 6.015584630198435312e-02 8.960213724044949202e-02 1.049571807259291750e-01 -2.126781577198642165e-02 2.242166704171140793e-02 -1.155665237443323917e-01 -3.274741867686314228e-02 1.677382030068965899e-02 2.442973116576672640e-02 -1.139178674646190714e-04 -1.996331225931644374e-02 8.217295762704115991e-02 -1.507056635173886217e-01 5.134344555349681233e-02 -2.924473573699250262e-02 -1.969783157692548969e-01 -2.508461649869323309e-03 5.804871705255747541e-03 -6.326816414839455185e-03 -3.178588172400853562e-02 -8.147978707143301979e-04 2.830778760096189575e-02 -8.610596801604149253e-04 -1.826525602071920815e-03 -8.311248211651548964e-03 7.268530443942702521e-03 1.060792077645981513e-03 -5.998955508420509078e-03 1.281356975092789053e-03 8.800557490784574957e-03 3.928468023298282638e-03 -3.593391962844129546e-04 9.944340802915084543e-03 1.601179108629648129e-03 5.241087534177286782e-03 -7.636225642268922899e-03 -8.353083740509486058e-03 6.455105728282966096e-03 -7.229857730304458524e-04 1.288847079409299531e-02 -7.500396382126770650e-03 3.808229628202534044e-03 -5.983645897266329922e-03 -7.672805420055143003e-03 7.959419124700724268e-03 1.024909535969567922e-02 1.099166415645359551e-01 -1.518011952742558644e-02 9.613038083505792697e-02 -5.773376353856946117e-04 4.259679313838344791e-03
3.747523925601539685e-02 -7.825044381390072051e-03 -1.085921359434825935e-02 -1.906912273873959118e-02 3.457798612187716961e-03 1.777430610752172777e-03 1.012037100839004777e+00 -4.825309647538438690e-02 -2.047578173705947614e-03 -2.617110605422768854e-01 -4.109440817118543282e-02 -5.340780697770373259e-02 -3.680476069163281239e-02 -2.826244696340304754e-03 -3.888400373672085131e-02 -1.900190383247640086e-02 -1.910868745983501996e-02 -1.061641322881408563e-02 -1.134598467631867114e-02 -1.342031926054282516e-02 -1.879975770089497428e-02 -1.463514676066967994e-02 2.740538305754892934e-02 -2.914587332109339329e-03 1.835899258167618744e-02 -4.623509517779423109e-03 -1.261271284848523855e-02 1.445259514788953172e-03 -5.097338929832850342e-03 8.932422103950364567e-03 2.067957970970094039e-02 1.243450216145040310e-01 8.985327677387047740e-02 -2.909338217440911312e-02 2.146105409538526937e-02 -2.228992469623631775e-02 -1.231206737177777122e-02 -3.084190728120047437e-02 -2.746499465345824537e-02 -9.037872449449070589e-03 1.936004520983170343e-02 8.764023291995576281e-03 -5.688779482666123100e-02 4.293410986469179541e-02 -1.831374461563883838e-02 -3.894477394892011113e-02 2.795718251614702846e-02 -3.640422649942656914e-03 -3.012107856274753512e-02 2.243920138846949158e-02 2.203212750436103415e-02 1.358606386269666823e-02 5.147876471464323672e-02 -2.972510537031219230e-03 -5.510176735611871379e-02 3.186755136707871035e-03 -5.460625351993369549e-03 -4.598900553764846862e-03 -4.138460903029533150e-03 -4.308135198464291271e-03 -3.693378630045796550e-03 -3.618486186034757229e-03 3.837619327894482846e-03 -4.589393056688121850e-03 -9.004499095077399956e-03 5.721807895186347553e-03 5.060043094200393325e-03 -2.925677769809148510e-03 1.662047739709789432e-02 -2.809778134598526524e-03 7.116150568739747911e-05 -3.048678363754205554e-03 -8.022922414994712245e-03 -7.976254394357867872e-03 -3.339217109603062096e-03 1.597822826016647227e-02 -2.389316422317451678e-03 -4.025928342782290198e-03 -1.184520561787979088e-03 -1.520561304843860706e-02 -3.489589188305947196e-03 -3.137664679623809044e-02 -1.909539764359823727e-02 1.271989382679161208e-03
4.780718787297433270e-02 -2.852635129288299751e-03 -4.553955722637776510e-02 -1.444174000605218978e-02 8.133477967758045643e-03 3.338808556422385998e-03 -4.825309647538438690e-02 9.975181366335046373e-01 -3.463952986184065143e-03 -3.919650467453825726e-01 -5.344120448994499339e-02 -7.753361931911023630e-02 -5.361669370426794257e-02 -4.781247857247573028e-03 -6.172675325582473171e-02 -2.181850699581117797e-02 -2.139364121716124528e-02 -7.973020415573794928e-03 -1.089873478541390425e-02 -1.290612921963940792e-02 -1.020400980496370680e-02 -9.454312368279241610e-03 1.186227793427795107e-02 6.862213917919243039e-05 3.879173965347157416e-02 -3.446583878229971410e-03 -3.875230724729191584e-02 1.168922308927736742e-01 4.896276974085000781e-03 -1.406199240503161474e-02 -2.316435153715958387e-02 1.702867488259805079e-02 -3.929111612908872848e-03 -4.383886665791254800e-02 -2.630404492708227418e-02 -2.358023589204729514e-02 -2.509337220413572836e-02 -5.814426033825408069e-02 2.319484507064143407e-03 -1.521467540068308262e-02 1.570029140672030699e-01 2.337548862174442799e-01 -8.932738727025588132e-02 -1.691065565694852002e-02 8.586493073180351265e-03 -6.183634406991710131e-02 2.784541352504346645e-03 -1.049139460619189466e-02 -2.935266809748315192e-02 3.497023033998993696e-02 1.852164588692874897e-02 -1.707023498863297073e-02 3.870070242215566808e-02 -7.322974622044030324e-03 -2.720231816159864036e-02 -7.365368483754431220e-03 -3.650978351706746661e-03 -4.159338235785346380e-03 -6.003356842863100985e-03 -6.068944379523768043e-04 -5.447256396480173492e-03 -1.002017181156768938e-02 -2.770325421039995101e-03 -6.807246781726405266e-03 -6.834698882799286959e-03 -8.478727062698570432e-03 -3.106292543351768173e-04 1.467244341912065861e-03 -2.972443112106714930e-03 -1.590953136721172129e-03 -4.794943514227676361e-03 -4.649632282014783818e-03 -1.216047711750220701e-02 -3.545824637573482662e-03 -5.224069330832480790e-03 3.188975745688964192e-02 -1.991535971643235495e-03 -5.840114243397374720e-03 -1.345917815648309257e-02 1.020128696445487138e-03 -5.903448788728309603e-03 -2.229079228296414195e-02 -1.895256307541031901e-02 -4.731455318713621763e-04
-1.734014997298687771e-02 5.662266777011598293e-03 1.664742161382151220e-03 -2.889913302074151747e-04 -1.879897780960167793e-03 -1.327004718632276460e-02 -2.047578173705947614e-03 -3.463952986184065143e-03 9.999418535633036731e-01 -2.224270279506217543e-02 -1.539341294538720080e-03 -3.947454788902296334e-03 -2.765161687444690070e-03 -3.723410813825221862e-04 -4.145732251160465752e-03 2.565168587411562062e-02 9.181660340238855661e-03 -2.004603686034256080e-03 -1.387458025656397196e-03 -1.830584445604972309e-03 -2.522679169023300891e-03 -2.318795664234119328e-03 -2.597445092623311674e-03 -2.978849945915779725e-03 -4.853631475025838721e-03 -5.868671658888730902e-04 -5.829132135716366854e-03 -1.937078161549246266e-03 -6.715443612389853864e-04 -6.951217793972226926e-04 3.266202921935705897e-03 -5.888287577560023973e-03 -2.569774896153683525e-04 -5.528969132326424021e-03 -3.710249918868648803e-03 -2.981046264677724399e-03 -3.769155279042490665e-03 -4.253179342203254609e-03 -6.025327554058788893e-03 -1.172618777745387461e-03 -3.970672542536163308e-03 -1.845946754004519413e-03 -4.806874337629621352e-03 -2.235285471424779038e-03 -3.432082406525477272e-03 5.731044104429530023e-02 -9.888622415642232127e-03 -3.151721531810454304e-03 2.498351692117925169e-02 -6.120516899678248891e-03 -1.634099218208459733e-03 -2.538330935790661640e-03 1.073743481602770777e-02 -1.565733393192117462e-03 -6.872990249466174109e-03 -3.224799549153624682e-04 -8.445802726888823738e-04 -6.314445472848366925e-04 -3.047804815511318075e-04 -3.115516171402196504e-04 -2.935798001765448453e-04 -6.140952545921832132e-04 -4.444507834481303604e-04 -3.740758354291850041e-04 -6.110845773223465239e-04 -5.340648182009230310e-04 -4.447393878140182971e-04 -3.854408027721340012e-04 -9.879328968706000986e-04 -6.712065134080855058e-04 -5.735226736155544245e-04 -2.792558110369202490e-04 -7.166922285374968714e-04 -4.940449934356743421e-04 -3.375142519018945473e-04 5.213347984960832633e-03 -8.898922534033179522e-04 -2.964929252093557229e-04 -1.905807945589874661e-03 -4.625211814614359207e-03 5.677444778723610419e-01 -6.152626115596851984e-03 -3.743623321184532705e-03 -1.117227610220225195e-03
-1.790602816731385882e-01 3.891346792707278679e-02 -1.971356170839463559e-02 -2.059916376432557178e-02 -1.700603499699244667e-02 -2.736098090032806907e-03 -2.617110605422768854e-01 -3.919650467453825726e-01 -2.224270279506217543e-02 9.915181862116626554e-01 -2.693496853448298922e-01 -4.390220291942116271e-01 -3.045920592135843430e-01 -3.070130440639877792e-02 -3.777484852148578209e-01 1.504499057072021528e-02 2.780423903962950249e-02 1.327331478337865842e-02 1.634291136244968995e-02 1.966268209604046455e-02 -1.720345955660785783e-02 1.294467057538548939e-02 -3.027508472645544166e-03 1.446652693915598947e-02 -1.523094177551889000e-02 -5.727622058731918209e-02 5.252913542939618291e-02 -7.379451279535652330e-02 5.764681781051914783e-03 -6.403027250120639502e-02 -4.510855002699316711e-03 3.739030667842954681e-02 -2.385040148429386914e-02 6.558990812443082907e-02 -1.012632980116646812e-02 -9.780091812753369251e-02 1.034385285208708899e-01 1.399272317605259053e-01 8.380615790387252462e-02 3.871508612352370093e-02 -9.959825492848843609e-02 -1.229478851288749175e-01 8.658354428067586983e-02 3.715931555690792087e-02 4.316513927550556101e-02 -3.784833275599668312e-01 1.856009003752698630e-02 2.844388984823614450e-02 4.374048375497240071e-02 9.556503531118538952e-03 -2.037946241996064708e-02 -4.568462684205630217e-03 -6.377354206235474887e-03 1.673070620176381890e-02 8.923339463090191812e-03 9.278741280988104384e-03 -6.027072829033380645e-03 -1.014482777385103916e-03 -1.216425727220561259e-03 6.750084713516908697e-03 -1.255160319293607569e-03 5.035505928992715236e-04 -4.822281573496544835e-03 1.451878351730743165e-02 -1.171583708331618966e-03 4.368307365246095614e-04 6.822705764643174388e-03 2.356033413765690112e-03 1.554243158206628991e-02 8.015686041092135936e-03 1.698414407096626678e-03 4.628029626427421737e-03 -1.964691425739074904e-02 -1.650871324863264697e-02 -4.690529691947689823e-03 -4.383972678603353240e-02 7.427490795301036099e-03 7.919977197220172405e-03 2.284091665165203545e-03 -6.390553149543250211e-02 -3.790717062192027614e-02 4.068598841821075007e-02 5.829093081913822028e-02 4.678069343249972693e-03
6.833360293058560186e-02 -1.959561589378758586e-02 5.532786848483679798e-02 6.220792473127128436e-02 9.400632149638099566e-03 9.250032492003384954e-02 -4.109440817118543282e-02 -5.344120448994499339e-02 -1.539341294538720080e-03 -2.693496853448298922e-01 9.617028774464669860e-01 -5.847697109915281355e-02 -4.003187396157971423e-02 -2.124732147186307249e-03 -3.502916656505672410e-02 -2.075628432768040522e-03 -1.085406994787916669e-02 -5.445759858414262952e-03 -3.909661778519391354e-03 -5.428910570296076321e-03 -2.182817582934124673e-03 -1.119439874442612354e-03 7.095761303246518516e-04 -1.019256632531606241e-02 1.514698218981749660e-02 1.573571672165248458e-02 -9.632616289920303138e-03 -1.108137167156532377e-02 -3.832109761534816753e-03 5.535404699029334435e-02 -2.684495002264221213e-03 -3.816078265387950336e-02 -2.309148476396832156e-03 -1.659005780026469312e-02 1.039372595272623212e-01 2.652557213688858453e-02 -2.544608222147293555e-02 -2.899662661974197059e-02 -2.488469863766623602e-02 -6.901746734088613083e-03 -1.849605829886464062e-02 -2.418936472472655100e-02 8.064609062620110846e-02 -3.106086313138650690e-02 -1.694634173914173758e-02 -3.506515395824407605e-02 -1.906229537710697058e-02 -1.450362337444153354e-02 -2.159133936682594568e-02 -1.484943440646228213e-02 -1.180152133309566274e-02 8.454652078292844430e-03 -3.483344433232821169e-02 -6.189696656333758783e-03 2.983695637142261964e-02 -6.158478484827719854e-03 4.815484196560955964e-03 -5.784637130085687473e-03 7.240620114806328202e-03 -4.757795915167147352e-03 5.532891511771847841e-03 7.070247372707097813e-03 -3.970496959079305131e-03 -4.818124004654167694e-03 1.893979080077873214e-03 -9.183891857367180306e-04 -3.899107941934887474e-03 -2.199484573246784924e-03 -1.187853464643892458e-02 -3.260744062697567940e-03 5.205996144764140840e-03 -3.018108096525197372e-03 1.503034305183236115e-02 2.138470397745848017e-02 4.407071862522973435e-03 -1.043864867431079993e-02 -1.335481146550434022e-03 4.179202128541828140e-03 2.943448722010926638e-02 4.664674855231089323e-02 -2.623425472842840812e-03 -1.286321555551042661e-02 -7.340066447127676155e-03 -6.625802088036677855e-04
1.299014870174916014e-01 -3.672085992741913607e-02 1.039774403922076734e-01 2.563424478106860610e-02 1.759401925848757056e-02 8.810088628969632574e-02 -5.340780697770373259e-02 -7.753361931911023630e-02 -3.947454788902296334e-03 -4.390220291942116271e-01 -5.847697109915281355e-02 9.974758086423201053e-01 -5.979721752024407672e-02 -5.448618912062387111e-03 -6.973150354342196044e-02 -3.576811266245095468e-03 -1.741007599647820953e-02 -1.253854229769732660e-02 1.876540972921325427e-03 -7.473438419661549217e-03 3.848376612706985722e-02 -4.560121808284144790e-03 -1.068620542623416325e-02 -1.547777762082628954e-03 -1.455339499689967987e-02 1.725682475769328705e-02 1.621981607661361624e-02 -9.925056108974334573e-03 -9.826982543399750275e-03 7.669965226045571960e-02 -1.913475618923202518e-02 -8.659194251305485368e-02 -4.432252333675742659e-03 7.574945030195093243e-02 1.609606585072672832e-02 2.393107592507701664e-01 -5.224050822109435610e-02 -5.599595093918714739e-02 -2.825543383563890870e-02 -1.732705253717277752e-02 1.465414922460746110e-02 -3.778716606811715478e-02 3.526744787568503181e-02 -3.053529519770656342e-02 2.906373397078496242e-03 -6.985741366148880138e-02 -3.046856579842431231e-02 -1.704870904590952835e-02 -6.976803522716631956e-02 -4.161819333705825408e-02 1.088257281281830319e-03 -2.968270890028814387e-03 -5.615240619474470146e-02 -1.309961458469730347e-02 5.150956967328546715e-02 -2.878399632367684494e-03 3.515667797372566510e-03 -1.289806945101764322e-03 1.328112830131398386e-02 -6.934584034872437117e-03 1.315120536470587402e-02 -6.748044193664662349e-04 1.719854179269277375e-02 -3.017025396512901074e-03 1.302329225884462163e-02 4.525203070670114069e-03 -7.593190045065055516e-03 1.883772144088606093e-04 -1.510798558334670860e-02 -3.896071622699064270e-03 -2.831551129200352099e-03 -5.222076309404129028e-03 3.592845032688911366e-02 -8.927046135959727097e-03 9.422620504618660700e-03 1.333103113436313186e-02 -1.518731249120601045e-03 -6.802865849324397224e-04 -2.339930250039883378e-03 1.090967532444502563e-01 -6.727457700798415881e-03 9.576958751062254749e-02 -2.480154255164408392e-02 -5.362626050437148927e-03
1.136208448726748303e-02 -1.186540817222956311e-02 -2.475607878344181917e-02 -1.419319572181987517e-02 -2.107810448814321103e-03 -2.677759345930355930e-02 -3.680476069163281239e-02 -5.361669370426794257e-02 -2.765161687444690070e-03 -3.045920592135843430e-01 -4.003187396157971423e-02 -5.979721752024407672e-02 9.863376273285491269e-01 -3.816715597977634895e-03 -4.861167575345746311e-02 -2.239867651077120242e-02 -2.552189520095031819e-02 -9.032869540317151058e-03 -1.245528149843030778e-02 -1.490549512346076022e-02 -1.673676453644333539e-02 -1.977204069271821379e-02 -3.415377000677535108e-03 -8.054395698094428402e-03 1.724175968196694705e-02 1.050522793863519905e-01 -4.723022794301479088e-02 6.981179598474496206e-02 -2.683905414227252643e-03 5.879216438611157419e-03 1.603277071512189400e-02 5.206985298710822135e-02 -3.087365493438318752e-03 -5.014777090833057865e-02 1.123209583874981710e-02 -2.305846999156944965e-02 -3.488248596671948698e-02 -4.353696580402605099e-02 -1.776509227058615300e-03 -1.213312651701372973e-02 1.129622788824226898e-01 1.031984793729298910e-01 -6.535463701592530983e-02 1.547617063882135435e-02 -1.605354573121255818e-02 -4.870026752215134147e-02 1.809867685284268640e-02 -1.390145269509303165e-02 -1.403321529452465979e-02 1.048548956798434767e-02 3.925938683031203122e-03 1.246135570237141485e-02 1.914578584002939871e-02 -1.026540152905564517e-02 -2.060032890406292977e-02 -5.627850831153492599e-03 -4.832068600346678747e-03 1.460400836631822394e-02 -4.629174230903180046e-03 9.167667457540003284e-03 -4.217437753649459775e-03 2.283080181911871509e-02 -3.233598341490539693e-03 -5.277601346292514449e-03 -2.394719782761887874e-03 -9.751546139526372052e-04 -5.290876405603769234e-03 4.022316954420302078e-03 -1.160599545907921477e-02 -8.951757874632945353e-03 -2.063434624908147205e-03 4.715566789112657191e-03 -9.476471212749580306e-03 1.992042316797246193e-02 2.881160689171737271e-03 2.355827339933717554e-02 -5.374691058508428154e-03 -4.503298249411233183e-03 -3.924895438733233197e-03 -7.322257990069361983e-03 -4.712532323471692319e-03 -4.423940983689003681e-02 -3.025918590672135866e-02 -4.831348781865508167e-03
1.148260830257828539e-02 -1.531968254797107113e-04 2.297821282137480284e-03 1.109764097317746806e-03 -2.594797698730424897e-03 -9.283506461712101240e-03 -2.826244696340304754e-03 -4.781247857247573028e-03 -3.723410813825221862e-04 -3.070130440639877792e-02 -2.124732147186307249e-03 -5.448618912062387111e-03 -3.816715597977634895e-03 9.522831773373572339e-01 -5.722298634431134158e-03 -4.203719543778059765e-03 -4.744568804616969629e-03 -2.766927587270437330e-03 -1.915089707812451473e-03 -2.526731163203722614e-03 -3.482020229349464067e-03 -3.200602561648865311e-03 5.659143780397660715e-03 -4.111666635712394116e-03 -6.699402440618850568e-03 -8.100448795307043422e-04 1.307133989304854089e-02 -2.673723011302496511e-03 -9.269236768009441341e-04 -9.594672709249170298e-04 5.521560182947941094e-04 2.196389911687478529e-03 -3.547025829984070712e-04 -2.656779991936891305e-03 -5.121208210731961752e-03 4.374168540065882793e-02 2.964317280742650648e-03 9.615436639630233753e-04 -2.849150639435212625e-03 -1.618549974789740406e-03 -5.480666066065897034e-03 -2.547935551485864657e-03 -6.634864190856079071e-03 -3.085334562336379625e-03 2.946452480812951965e-03 -5.735605710071025806e-03 -1.364913291966697410e-02 -4.350278967611813548e-03 1.175600358182987346e-02 -3.077006717675755815e-03 -2.255525238577033107e-03 -3.503624153139724747e-03 -1.947941551485680815e-03 -2.161160807054527885e-03 4.539701513363332899e-03 -4.451147575019910726e-04 -1.165762825065700097e-03 -8.715744413147500031e-04 -4.206844117568441150e-04 -4.300305194135455684e-04 -4.052242614501072051e-04 -8.476274452551109872e-04 -6.134694565680610858e-04 -5.163318595047199739e-04 -8.434718477911280331e-04 -7.371625070655626888e-04 -6.138678133043786334e-04 -5.320187715306672494e-04 -1.363630529947961389e-03 -9.264573499704528963e-04 -7.916256557879212648e-04 -3.854530513170159687e-04 -9.892406726269879162e-04 -6.819236795842127663e-04 -4.658663960314093824e-04 7.195914315691662351e-03 -1.228306344438006735e-03 -4.092452088696493621e-04 -2.630561151526391271e-03 6.846816964539132085e-03 7.836500896861532395e-01 2.681977185594595567e-02 -5.167273070430810494e-03 -1.542094289018731620e-03
6.310991068845114849e-02 -6.514910159671786702e-04 -4.859624769083159546e-02 3.122152868804960266e-03 -3.069263867503805795e-03 -1.501413926348950101e-01 -3.888400373672085131e-02 -6.172675325582473171e-02 -4.145732251160465752e-03 -3.777484852148578209e-01 -3.502916656505672410e-02 -6.973150354342196044e-02 -4.861167575345746311e-02 -5.722298634431134158e-03 9.927013697071698228e-01 3.057119948810000168e-02 3.159372974306148135e-02 1.668420744722788618e-02 -9.405160821553989851e-04 1.031431113673828524e-02 3.021882051384233714e-02 1.831752322780816691e-02 -1.199794129854113087e-02 -9.424871942864997479e-03 -3.281103684358588346e-02 -9.481318112232041233e-04 -2.607391751412052594e-02 -1.668460879464406243e-02 3.937312222722809049e-03 -2.224250529311288475e-03 2.883355751560221295e-02 -9.577156014739669765e-02 -4.161840464077948797e-03 -9.441300241118150138e-02 -7.714438472996885954e-02 -4.795742169582203202e-02 -5.938543213157590483e-02 -6.870289724300682188e-02 -9.410870800262105540e-02 -1.807434035723508303e-02 -7.978221722531861348e-02 -3.348650294261727028e-02 -8.423609125777699325e-02 -3.980074351957645085e-02 -5.778618414023788813e-02 9.907856530365305447e-01 -2.316989930308240714e-02 9.169531898760165762e-04 7.343738644200635546e-02 -2.034644478867628226e-02 9.873729764663354697e-03 3.878634615607032959e-03 1.035030460347903178e-02 5.799264133953695513e-03 -1.480359834045198893e-02 8.864117749447200829e-05 1.614462276107040892e-02 3.509949844338260821e-03 -5.389678003527065102e-03 -5.539473996246165044e-03 -5.078316338667611569e-03 -1.185215757595230179e-02 -4.318923627803739236e-03 -6.425618700061652006e-03 1.599745051625896773e-03 3.185444254925986519e-04 -4.110779105485993373e-04 -5.923620813387715789e-03 -2.811565222969626947e-03 2.640143802454112017e-03 2.683460525967362037e-03 2.430950199650092763e-03 1.222045686235225664e-02 1.896320544797195154e-02 4.380463942138933947e-04 1.346121799560207402e-02 -3.348295461092017696e-03 -5.243122489570636868e-03 -6.252625479591214334e-03 -2.086402176933964056e-02 -7.065372461496230438e-03 -9.989660947605849550e-02 -2.075612954888811368e-02 1.356914504929652206e-03
2.765450201644259476e-03 8.493381346988368094e-03 2.514867292548795055e-02 9.688453905742312397e-04 2.979598183672407113e-04 -3.039491087550283757e-02 -1.900190383247640086e-02 -2.181850699581117797e-02 2.565168587411562062e-02 1.504499057072021528e-02 -2.075628432768040522e-03 -3.576811266245095468e-03 -2.239867651077120242e-02 -4.203719543778059765e-03 3.057119948810000168e-02 1.004986000401048463e+00 -3.924803934695066804e-02 -2.303463442135167405e-02 -1.579967546221189290e-02 -2.091929053612260475e-02 -2.890846985418167939e-02 -2.650310902500874893e-02 -3.149929601562832110e-02 -3.620931322858603890e-02 -6.340149246193604871e-02 -1.063939529884604107e-02 -1.285137855632957904e-01 -2.792840300708787984e-02 -7.581715521081785515e-03 -1.249082429300646911e-02 -9.744368779407136527e-02 -4.878867644015551230e-02 -2.992567410435614979e-03 3.093168798781578341e-02 -3.748144374850540667e-02 9.590548250094556998e-03 2.506236701021801599e-02 3.064431268029088259e-02 4.861285334067481229e-02 4.280730242265836684e-03 -4.732786316328702059e-02 -1.572999779631425316e-02 -1.197795587227851004e-02 -2.394344634487126713e-02 3.287529783251005866e-02 3.209641711240757839e-02 -2.430087743967391037e-02 8.032820055060178183e-03 2.393521924103187912e-02 -5.847438169810652460e-03 1.051628737249598461e-02 -1.911691926246407436e-02 2.009512541300469482e-02 2.302584146368360455e-03 -1.089280169726891158e-02 -4.108621074449279875e-03 -3.741874447568903448e-03 4.554676949180035475e-04 2.740478481641063155e-03 -3.840249792758364603e-03 -3.557881774558154745e-03 -5.747835966450487314e-04 -5.754726390693120155e-03 -4.514028413887150037e-03 -3.192069283204090023e-03 -6.730571746002694811e-03 -5.168568031506792088e-03 -4.351615001938029248e-03 -9.701705162899110571e-03 -7.995218834934864419e-03 9.991830823087863647e-03 -3.307123170655390347e-03 -8.520527954263659373e-03 -6.279853056081818180e-03 -3.939662277060834369e-03 1.263381728367501608e-02 -3.298745511290334894e-04 5.820111427811278798e-03 -7.513446980977531858e-03 4.749854201048299071e-03 1.111206594575803175e-02 4.211925225837347825e-02 4.820819000174230914e-03 -1.172420841998024314e-02
-6.740238088214460521e-02 1.097210255846432433e-02 4.128856461862464265e-03 -3.616124000748490320e-03 -5.297561185300444370e-03 -8.285835609345228170e-02 -1.910868745983501996e-02 -2.139364121716124528e-02 9.181660340238855661e-03 2.780423903962950249e-02 -1.085406994787916669e-02 -1.741007599647820953e-02 -2.552189520095031819e-02 -4.744568804616969629e-03 3.159372974306148135e-02 -3.924803934695066804e-02 9.702967802760855687e-01 -2.587858736815321428e-02 -1.779224492480519990e-02 -2.353585912107466691e-02 -3.250078511794887021e-02 -2.981671497510900506e-02 -3.490587358157810211e-02 -4.010183312174989134e-02 -6.900181928013376931e-02 -1.081551173282894844e-02 -1.435246187588889721e-01 -2.972115636007483658e-02 -8.557176703195123330e-03 -1.271815463936265544e-02 -1.085296839530374841e-01 -4.351207683244542185e-02 -3.350458817658454134e-03 1.402494115738988668e-02 -3.642743021129749015e-02 -4.107634456312687921e-03 5.177708513672640150e-02 9.058093056022844050e-03 4.922070707860833061e-02 1.589452145652573908e-02 -4.751721979840439758e-02 -1.635064196335188694e-02 9.842101408286677705e-03 -2.403835467258753217e-02 2.357435004965218600e-02 3.210510715793481878e-02 -5.194895928574269628e-02 1.910103873460951632e-02 8.994022015221060651e-02 -4.638071199390919261e-03 -8.742231088689827664e-04 -1.760397481227258740e-02 1.466237576571166254e-02 -2.362331797965571724e-03 -2.732930539878890026e-03 -4.498209460393908302e-03 3.267841130482868062e-03 -8.579166024096137461e-03 -4.135776659533791158e-03 -4.238396448373105314e-03 -3.943314157506283904e-03 7.572878686830714599e-03 -6.276146190321869184e-03 1.553733135934001319e-03 -8.389874442425043072e-03 -7.388210232013018262e-03 2.532126585145266871e-03 -4.911492446839049210e-03 -1.933669022493231509e-03 -4.618234857587505057e-03 -7.451887451390172556e-03 5.022192350488603393e-03 -9.489262608709032876e-03 -6.879174162532399051e-03 -4.408162531716404604e-03 1.432020274275973629e-02 -2.790118614843322374e-03 -4.023317088931256669e-03 -1.464156257859096713e-02 -2.357174992103483815e-02 1.310513758826994208e-03 4.529468065832314982e-02 3.598464701720219695e-03 -5.076888871061110281e-03
-4.243581953942354712e-02 7.326854819970176659e-03 7.972400360011918860e-03 -2.409788717768445755e-03 -1.033463760267472158e-02 -3.169054364591441381e-02 -1.061641322881408563e-02 -7.973020415573794928e-03 -2.004603686034256080e-03 1.327331478337865842e-02 -5.445759858414262952e-03 -1.253854229769732660e-02 -9.032869540317151058e-03 -2.766927587270437330e-03 1.668420744722788618e-02 -2.303463442135167405e-02 -2.587858736815321428e-02 9.824963157112729384e-01 -1.041337876844780456e-02 -1.379513477252398458e-02 -1.907168987130112431e-02 -1.747783676854666388e-02 -2.095622114054079832e-02 -2.409784839869929043e-02 -4.261429836515275016e-02 -7.414780231692921081e-03 -8.511508405750495276e-02 -1.900441476999358698e-02 -4.990356187096263441e-03 -8.697972116125805148e-03 -6.463937620726428745e-02 -1.389800628318911720e-02 1.492650774259275843e-02 2.380543692391128962e-03 -2.338676581591506154e-02 2.983323469428598822e-03 1.854405347954333691e-02 5.417517214485910101e-03 2.951046832102434750e-02 3.924904281007658875e-03 -2.761504368981242824e-02 -2.734166338441074325e-03 1.173301135756994046e-03 -1.314867595578120447e-02 1.847892708975947332e-02 1.653310354305067773e-02 -1.532143397886075176e-02 1.231729059635613098e-02 4.952094961034437387e-02 -1.245476317979985446e-02 -3.401871163871525612e-03 -6.950057302033393024e-03 1.932853204217425611e-02 3.375920006325958816e-02 -2.050371821239889772e-02 9.622952641844862570e-03 2.727986479749310977e-03 -5.180030354034519981e-03 -2.495547000239564314e-03 -2.560814074870657649e-03 -2.366802982484911451e-03 -5.352688772582962426e-03 -3.863424694669550033e-03 -3.001005964213346484e-03 2.688517219499311425e-02 -4.502052247052777852e-03 -3.417131694726199646e-03 -2.864273763425576741e-03 -8.252575757280396218e-03 -5.305347506589451131e-03 3.609848159430193576e-03 -2.192615100273409123e-03 -5.652319265577747560e-03 -4.205498252310004709e-03 9.349536296857816411e-03 -2.035597449199477715e-02 3.945092805651782136e-04 -2.427688368797836782e-03 1.618121476346256332e-02 -1.917853912605934144e-02 -3.416349831939740570e-03 2.515889729118151938e-02 2.155240654014980647e-02 4.206561604724122494e-03
