9.368450527441818387e-01 -7.390187049616901704e-02 3.520706084475963560e-02 2.484032957314593476e-02 2.043200237975869790e-02 1.460629337382660098e-02 3.812639110498253214e-02 5.396259406334803083e-02 -1.733467723418890410e-02 -1.808147489546736708e-01 6.995612544888384077e-02 1.285419400317819316e-01 9.785787921148666677e-03 1.641252284835206451e-02 6.082220459431344345e-02 8.734414704756584061e-04 -7.048095734284245961e-02 -4.724881503438668057e-02 4.611478943686431187e-02 3.716117777127635885e-02 1.188306295029034343e-01 3.959521919196774126e-02 -1.493543453554707807e-02 -1.306268091462191305e-03 -3.326048692454658395e-02 4.408879172000778474e-02 5.359059337337914591e-02 5.471619895628196395e-02 1.825795193263864830e-02 2.513450401717737606e-02 -9.814223670826825729e-02 -2.038968699648298702e-02 -9.437067010890537108e-03 1.589383878350961524e-02 4.918803521770837017e-02 4.785255869399392126e-02 -7.790494292925456699e-02 -2.551420689008824377e-03 -5.225662357843306738e-02 2.286558821458101534e-02 9.548465390543133327e-03 -4.349358302832967253e-03 -3.776769789591524762e-02 -2.486416456062632424e-02 3.306353458392893158e-02 5.965517459166394532e-02 3.283856367647338542e-02 -4.895066719305576908e-02 -3.746026755016526599e-01 7.502774915521470689e-02 -1.339318420070777357e-03 -1.388901037187186861e-02 1.694686438040467983e-03 -2.631030986910270347e-02 1.258733011094056824e-02 -2.516793414976975334e-03 1.450988895154477730e-02 1.123061789269817062e-02 1.392063313165813575e-02 -1.353536744309752869e-02 1.929286436069021365e-02 -9.033171719768513450e-03 -1.365360616160846662e-04 -4.756598496383686661e-03 2.505113489979199012e-02 -6.381744487748313918e-03 -4.457939138123392236e-03 5.587552317878614894e-03 2.893883965452884177e-03 1.375153725739580897e-02 3.266512917438730949e-03 3.491478289971303595e-03 -1.495754305228217014e-03 -1.747874676604940086e-02 -1.531154255594911837e-03 1.184312451543723284e-02 -1.012655976879103803e-02 -1.881686573086678409e-04 2.098253769239386175e-03 2.145253657405411796e-01 3.662238136272465052e-03 -1.193139298419864085e-03 -3.006323809892492982e-02 2.625469310411866417e-03
-7.390187049616901704e-02 1.000138772313545754e+00 3.064705357527331905e-02 1.873594707896851508e-03 -1.006717967896922708e-02 -1.672928565681834970e-02 -5.829598426653610950e-03 -7.113754392872078530e-03 5.680501752033308149e-03 4.247106127250722257e-02 -2.238978066471038891e-02 -4.033751119077325087e-02 -5.636256176117617096e-03 -3.374675996547852209e-03 -3.259625615085776952e-03 9.034870904752105233e-03 8.859709594857781423e-03 1.235398120544739867e-02 3.353446212183062297e-02 3.936547534856483371e-02 -1.382202215976019747e-03 1.239988496887001884e-02 1.051076486104202470e-02 -1.571690600615394118e-02 -6.290141441379164949e-03 -8.919498385490825555e-04 -3.159775874216345665e-03 -2.188362422145501834e-02 1.680050803917344099e-02 -1.209290833905246089e-03 -6.471520964113840549e-03 6.987689746914950081e-03 4.205080986307474858e-03 1.145170286389585526e-02 -2.059261226311800280e-02 -3.198648123401740678e-02 2.802890357564969195e-02 1.234938266366542026e-02 -4.769574951792997231e-03 7.005740246351615207e-03 -1.542338968478021780e-02 1.471580977601478699e-02 5.539433085691792061e-03 3.372056460261465237e-03 -2.718633236210707058e-04 -2.905088939488483651e-03 7.161847594512158952e-03 2.386910485210854554e-02 1.189809055847533027e-02 4.167176480821727135e-04 -6.673970302601756055e-02 -5.174152337426626141e-02 1.157071445252140091e-01 2.485146581688470972e-03 -5.340718762868508496e-02 1.446525140551785642e-03 -8.985270844628082815e-03 -2.623153085809670163e-03 -1.126286896261911169e-02 8.466212179595217907e-03 -5.300485444467553436e-04 -1.271032272977874050e-02 -9.887674872723539645e-04 -1.111127903791948521e-02 -3.168321223909420069e-03 -1.928821842018213885e-03 6.341929782018244921e-03 -7.643962512920953996e-04 -1.792409992644397251e-02 1.638353537751271191e-04 -9.645882048315145008e-03 -4.069681857579231059e-03 -1.421256904039265231e-02 -1.512890357285689774e-03 -4.721419241495915416e-03 -7.500209206122866734e-02 -1.308558793536875216e-02 1.052232519749336835e-03 4.115485811445103274e-03 -2.350009388822688061e-02 4.491740559006793146e-04 2.761172913845976427e-04 1.365715083945417407e-01 -1.661687840216591414e-03
3.520706084475963560e-02 3.064705357527331905e-02 9.519966097081941081e-01 2.496491090742469082e-03 1.518658121380409877e-02 1.786342131338896633e-01 -1.215909035666864688e-02 -4.827048232982940335e-02 1.691614122958414856e-03 -1.460286473499351236e-02 5.123209353760540402e-02 9.828034891422604558e-02 -2.325141521411543469e-02 2.334912290360608572e-03 -4.634613820976917625e-02 2.040023151137971766e-02 6.855131930322709913e-03 9.101275761181634033e-03 1.508098876542749225e-02 2.476968853981741103e-02 3.600043717486729744e-02 2.586072657006144998e-02 -2.596254675996232178e-02 -1.798359503449763891e-02 -1.296100793760940860e-02 1.476716611532056210e-03 4.045284205667455668e-02 -2.801063717660901703e-02 6.166949547215425445e-03 1.295794372994152517e-02 -4.594657226252216869e-02 -2.454392023187121075e-01 1.348945390680120204e-02 2.272287214171423986e-01 -8.221677381589079930e-03 1.096444218629334111e-01 1.123331433293029286e-01 4.551609906020059881e-02 -1.192462011371945435e-01 -7.462200626931395075e-02 -7.008540214948910663e-02 5.902194516796903379e-02 -1.779087366614801394e-02 -2.190578995534624845e-02 1.368703786675957712e-01 -4.616463919137983596e-02 -1.290760943580460396e-01 -2.163634707106199678e-02 -5.031662119884489776e-02 -2.906391030290524924e-01 4.048132774260955122e-04 -1.557058028936108771e-03 -9.564598144098111765e-02 -9.684595955483257454e-03 8.315750607850441734e-02 7.028891732844577342e-03 3.495529513844978543e-03 4.411658289157269035e-03 1.069969140937519422e-02 4.567419252302017466e-03 -6.728558064918149784e-03 2.006216741293106315e-02 7.257606039153264611e-03 1.133668881402525403e-03 5.654350630369670352e-03 -2.877100352434198201e-03 -3.395893976813852549e-03 -4.451152678485567095e-03 -7.279551422494895396e-03 3.170243514202247728e-03 1.715684338237107899e-03 -5.040172164266347801e-03 -3.575522097693671544e-03 -8.518692817235892258e-04 -9.580266855117798228e-03 -1.560735504109755575e-02 2.640879599026701996e-03 3.358561783431612477e-03 1.381432672136135784e-02 3.365522083049611313e-01 2.882936744521815298e-03 2.170357397500745633e-01 1.517167442397880130e-02 -1.945536861135836737e-02
2.484032957314593476e-02 1.873594707896851508e-03 2.496491090742469082e-03 9.032359259660153183e-01 -6.308233684481978631e-02 2.746433402085580663e-02 -1.793917667905915031e-02 -1.496252565956778316e-02 -2.841925664445037756e-04 -2.153536717098110398e-02 6.554771032915635010e-02 2.418429259892817401e-02 -1.359056108783878239e-02 1.116387766590895949e-03 3.248192288897147964e-03 -2.092152849515218054e-03 -2.822022873038004288e-03 -2.189976146024507318e-03 -1.522714031069957036e-03 -1.761304983697949697e-03 -2.776544116973468819e-03 7.166905024243429853e-05 -1.027509510971700256e-02 -1.274316523366396392e-02 -1.329372299058770150e-04 2.377304829546130274e-02 -1.689650589183843560e-02 9.293253867840601049e-03 4.353528575571089659e-03 1.352518671923754190e-01 -1.989131521312105522e-02 -7.905904354958810665e-03 -1.336102221069654589e-03 -1.873493416126833372e-02 1.017244848289803119e-02 -8.592597074101233391e-04 -5.068877180277518019e-03 -1.024542679338584679e-02 -6.138259673217800159e-03 7.121465685588106902e-04 4.373158095306220461e-02 -1.536586286479435515e-02 9.461223742814479573e-03 -1.610262928690070830e-02 -1.197993081006140485e-02 3.225293106601851648e-03 1.816338450908890415e-02 6.398499301770799522e-05 -2.998782749140754822e-03 3.652486784822925325e-03 1.124269819749578337e-03 7.877528764738142564e-03 -2.044245386951837849e-03 6.744573895242478474e-03 -4.225359482966729689e-03 -1.836346413326565450e-03 3.395989614442654608e-03 -5.351721065459136631e-03 1.547958070941897208e-03 -4.684798968972306472e-03 -8.140742083673496591e-04 8.559743461185369273e-03 2.337436693396348179e-03 -2.462791983907399330e-03 -5.224345619908610586e-03 6.981770356321820130e-03 -6.888070477825511840e-04 -3.748319549870046262e-04 -2.238898202047590047e-03 -2.281679898657755848e-03 -1.429731625781645310e-03 -1.721072254498812138e-03 7.466547585462279812e-03 3.434485584209374161e-03 -2.479159705907084833e-03 -5.336365658795507762e-03 1.440959681211308619e-03 -4.052392149965463805e-03 1.666664315262641333e-02 -1.605176722737738926e-02 7.574972811714861471e-04 -1.144908383057524452e-02 -1.508615106376543467e-03 -7.407655007705343277e-03
2.043200237975869790e-02 -1.006717967896922708e-02 1.518658121380409877e-02 -6.308233684481978631e-02 9.705580248339803484e-01 1.873363066083798267e-02 3.396428851178755898e-03 1.224212930347204006e-02 -1.875301080725645794e-03 -1.492326443007478687e-02 8.961908808978440860e-03 1.551824239559274586e-02 -7.318207632116585822e-03 -2.588452935033220756e-03 -4.309664483294334617e-03 -3.470903747239088757e-03 -4.355355643509609305e-03 -1.049390623417950121e-02 -2.615880972685065420e-03 4.678924340749756640e-03 2.409004019550117781e-03 -9.152395968585346278e-03 4.399956121123517472e-03 -8.969993226349445153e-03 7.867255979710273059e-03 2.836261818024952627e-02 -9.412638644755753209e-03 2.341730587002525260e-02 -1.351690680637045432e-03 2.187870521384609190e-02 -1.340207784306481770e-02 -9.146870243780469423e-03 6.139180057489229680e-03 3.745739469992257452e-03 1.209635175550297266e-02 -2.812222215762916720e-03 -6.403635503029348613e-03 -5.619050778337691607e-03 -1.638684947065032274e-02 -4.659170473301220070e-03 1.631405060177809618e-02 -7.372931223810476331e-03 5.571324717029265718e-03 9.698120748024919094e-04 3.176810990134618356e-03 -4.417696239489804326e-03 9.751207571208050928e-03 -1.489881195410032531e-03 -1.703222983154888126e-02 -1.837789030843761662e-02 -7.145965301572331126e-03 4.620206338589331885e-03 -6.519502522050486977e-03 -1.110041768496129559e-03 5.443046335135731661e-03 5.441678995548469323e-03 -3.441536773920561565e-03 8.374827028446872948e-03 1.188915645270870007e-02 6.103519852242032979e-04 3.074400963511226235e-03 4.990748878466638554e-03 2.287638328220711718e-03 9.798549105103429580e-04 -8.247979522591250556e-03 -8.191505683689500814e-03 -3.849356634515799670e-03 -2.473403083940093478e-03 2.511636178413727619e-03 -4.161739603072880933e-03 -5.280087796925255969e-03 -4.104162855323718710e-03 1.345603034252539076e-02 6.789683192899016555e-03 -3.975569237584976844e-03 4.512416437294852235e-03 3.879831794853977160e-03 -6.194552066833310458e-03 7.059009795637576426e-03 1.565969653084845967e-02 -3.195985608827757018e-03 -3.352002444157817923e-03 -1.372457986462280628e-02 -4.573505703016924467e-03
1.460629337382660098e-02 -1.672928565681834970e-02 1.786342131338896633e-01 2.746433402085580663e-02 1.873363066083798267e-02 9.361209819584781489e-01 -1.269447615040823762e-03 3.042374298241706104e-03 -1.327767904334277438e-02 -1.606571157906731741e-03 9.315977576064646271e-02 8.701715590616500295e-02 -2.683559364790289933e-02 -1.181795638800157110e-02 -1.488417188112979850e-01 -3.378797544382759060e-02 -8.211327339931247249e-02 -3.311962588348215525e-02 -5.596649744341392757e-03 -4.547677902081681024e-03 3.007415352821934691e-03 -1.311172761707122235e-02 -1.746994219557485017e-04 1.749740632614692204e-02 3.589893218733590519e-02 2.828059366485207587e-02 3.759020778154403136e-02 2.595174308082151202e-02 -4.905550509132863314e-03 3.892436098188602200e-02 -5.091289873511833930e-02 -6.583616374657147441e-02 1.546795610431925391e-03 6.044116096519389775e-02 9.118158535991638391e-02 1.034685975409928016e-01 -2.275257534692219988e-02 2.255097600760364723e-02 -1.194612399338280118e-01 -3.288497741582750017e-02 1.603813607700249610e-02 2.479619607769066938e-02 6.602456110478719525e-03 -1.919552346816977978e-02 8.227553888467288579e-02 -1.494086332571585296e-01 4.934048919542938227e-02 -2.984102146857283561e-02 -1.942258268572349678e-01 -4.272225735804946641e-03 6.077375618530438985e-03 -7.005139898153561577e-03 -3.520613400341959104e-02 -9.401717826344371375e-04 3.145993584212216504e-02 -1.005205222554886313e-03 -4.418086815926381035e-03 -1.070204930237119399e-02 6.811423542686665181e-03 9.944573559714149115e-04 -6.334162581385574184e-03 1.172150353080810524e-03 6.671678324965710054e-03 5.353426382406909628e-03 4.755330703755714615e-05 5.448182022058068244e-03 2.288437276014335890e-03 4.447060846452715287e-03 -7.105443572140875824e-03 -6.334966948845544704e-03 6.462650712261115010e-03 -9.547596086786141415e-04 8.385646901044572360e-03 -6.082043323370609454e-03 1.637478705894487852e-02 -5.280700919873098850e-03 -1.130308213380392703e-02 6.253851627525978604e-03 1.086680836462865576e-02 1.109673250513356635e-01 -1.727066014252780224e-02 9.449603716342588888e-02 -1.139800690713047796e-03 7.299883323001546583e-03
3.812639110498253214e-02 -5.829598426653610950e-03 -1.215909035666864688e-02 -1.793917667905915031e-02 3.396428851178755898e-03 -1.269447615040823762e-03 1.000999216673851278e+00 -4.800422978426824305e-02 -2.035590192276413423e-03 -2.600518773107203252e-01 -3.994130946159980822e-02 -5.193111835736424764e-02 -3.632596215976089532e-02 -2.809697846321920420e-03 -3.745510523986934209e-02 -1.847835426602331341e-02 -2.129876189634488312e-02 -8.758021042408456469e-03 -1.051912587323048515e-02 -1.250673368829373182e-02 -1.905491562284373705e-02 -1.441445473774393901e-02 2.414578455927098022e-02 -5.052988868649515609e-03 1.695122352007144909e-02 -4.675797474610037668e-04 -8.536443124589817091e-03 8.040060086424988609e-03 -5.303192940135228323e-03 6.874101768145092321e-03 1.567780968483353105e-02 1.220581396414665148e-01 1.011428434481765476e-01 -3.078579302715404170e-02 1.926723671833448920e-02 -2.091580833247360174e-02 -1.085159774542617493e-02 -3.104874803756106291e-02 -2.675543487065463674e-02 -9.121278035197598333e-03 2.085090327266993226e-02 1.268088645819825076e-02 -5.518700534357104392e-02 3.615807508990472041e-02 -1.663158480365459213e-02 -3.751752953497368426e-02 2.305619103825858399e-02 -3.657920290343940999e-03 -2.860624542099594186e-02 2.424781827182472677e-02 2.211501351016182532e-02 1.364783558903586227e-02 5.302239368328989094e-02 1.490449545018073668e-03 -5.759736601421502900e-02 3.460195193696061905e-03 -4.291445801041607680e-03 -4.493672805006297503e-03 -4.855043146912488110e-03 -4.636312063438584319e-03 -3.158729386873245989e-03 -3.553741296421723990e-03 3.814145149000238051e-03 -4.018348667337026496e-03 -4.516851210003045014e-03 5.177010754879193127e-03 5.532536212512027297e-03 -2.684814247143382793e-03 1.405862408689235489e-02 -2.397228740001137136e-03 6.420471848366461794e-04 -3.238753985216947552e-03 -4.149698287497569429e-03 -8.387485394992752127e-03 -3.297730441073316345e-03 1.161820195063070077e-02 2.040457249663869300e-03 -4.399723798010246774e-03 -8.766203485045112121e-04 -1.310857709795448453e-02 -3.469158647030905814e-03 -2.864589927083692825e-02 -1.713627993132843877e-02 6.093205368327794455e-03
5.396259406334803083e-02 -7.113754392872078530e-03 -4.827048232982940335e-02 -1.496252565956778316e-02 1.224212930347204006e-02 3.042374298241706104e-03 -4.800422978426824305e-02 1.000753194124165191e+00 -3.452525015423606961e-03 -3.949731134357133966e-01 -5.335563528467510835e-02 -7.673516132332861006e-02 -5.397313527115186332e-02 -4.765473982449547168e-03 -6.005015830306047186e-02 -1.948189057975445448e-02 -2.392800343328839799e-02 -7.880826621386506983e-03 -9.655920045127410617e-03 -1.717482925536328517e-02 -1.384989306554513730e-02 -8.140855558026020150e-03 1.421694203290648287e-02 -2.151136497239123247e-03 3.740410037514288466e-02 -2.795087314538168867e-03 -3.978080036910304484e-02 1.234350286403100572e-01 1.145062658977442135e-03 -1.088164459289035074e-02 -2.321887521256520148e-02 2.284465487144090798e-02 -4.401006554952561177e-03 -4.502588251180714152e-02 -2.444743413628627446e-02 -2.346789840342552308e-02 -2.383692156845519661e-02 -5.885520649513010377e-02 -4.545039673051753069e-03 -1.540272428839550671e-02 1.594318551914839510e-01 2.277179186750695195e-01 -9.114016170788075133e-02 -1.626456786799122811e-02 8.709664585974587203e-03 -6.016185205049524171e-02 1.688447612233695636e-03 -1.234772735697092262e-02 -3.098235851733933260e-02 3.752829431498846957e-02 2.134468256360081209e-02 -2.088312460205381943e-02 3.386095247965301147e-02 -9.023676934347042017e-03 -2.161823156706743632e-02 -7.074010701176578104e-03 -2.334742719094444474e-03 -4.223352002715429973e-03 -2.936263640714467313e-03 -1.093571758435405404e-03 -4.634296745622759270e-03 -1.279694294561599041e-02 -2.942773500252846182e-03 -6.124359146195759718e-03 -6.798963319435102383e-03 -9.333891718205172827e-03 2.059792236737611679e-04 1.863044951730438280e-03 -5.378515296612242091e-03 -4.584580036645693850e-03 -3.905391247754162048e-03 -4.805308597737575037e-03 -1.254764557906126385e-02 -4.241618699556022436e-03 -5.017642530776915584e-03 3.204139396640884319e-02 -2.377080002873687564e-03 2.690296953662052112e-04 -1.268516614722306306e-02 2.238751122667940671e-03 -5.883972646756375352e-03 -2.137461760310740977e-02 -1.935865069158732715e-02 8.123380723589366734e-04
-1.733467723418890410e-02 5.680501752033308149e-03 1.691614122958414856e-03 -2.841925664445037756e-04 -1.875301080725645794e-03 -1.327767904334277438e-02 -2.035590192276413423e-03 -3.452525015423606961e-03 9.999419262972856215e-01 -2.232882348306462761e-02 -1.507304475026877318e-03 -3.896345643787958550e-03 -2.803535222517705011e-03 -3.722406883348686234e-04 -4.047777665356191816e-03 2.571053854389217588e-02 9.155367721938039924e-03 -1.976151448007977714e-03 -1.305490757752484320e-03 -1.773098422122629681e-03 -2.568444641247269716e-03 -2.307751711699123059e-03 -2.676200085595952741e-03 -2.907674020268031893e-03 -4.926947227886862256e-03 -5.925760202185482300e-04 -5.754684430387386682e-03 -1.964909546929843355e-03 -7.025894948071220248e-04 -6.899705392682012025e-04 3.229773633782126192e-03 -5.971400657334486294e-03 -2.936093733222991408e-04 -5.564405973505917070e-03 -3.691725523362767054e-03 -2.935370588324840747e-03 -3.656466816921546178e-03 -4.254701770157029786e-03 -6.072832457945055371e-03 -1.190619836829002326e-03 -3.954118367154153824e-03 -1.763022033553353395e-03 -4.866588580581534922e-03 -2.219506665126570136e-03 -3.458174010384235629e-03 5.740823620590183168e-02 -9.912424603837980894e-03 -3.176912006299137912e-03 2.498033253356296557e-02 -6.068505603367687490e-03 -1.627071288494685072e-03 -2.537646534334981815e-03 1.088085032276437519e-02 -1.579476942360478076e-03 -6.991694055757681145e-03 -2.955269219393518495e-04 -7.915805169459281827e-04 -6.312742930593378925e-04 -4.062644061810555176e-04 -3.114676145469680605e-04 -2.282782780931645161e-04 -6.255132570304000692e-04 -4.258171582207568554e-04 -3.506015387306383058e-04 -5.831507302908150699e-04 -5.339208201368025571e-04 -4.446194742597424192e-04 -3.556955794075502609e-04 -1.070663710798617141e-03 -6.862761187158653584e-04 -5.038688807068629960e-04 -2.481604588900728414e-04 -6.899619896698658099e-04 -4.939117857801279040e-04 -2.855119800014506611e-04 5.233137701273326420e-03 -8.589746487827608920e-04 -2.371303862718130665e-04 -1.949375443382119800e-03 -4.625257006669999428e-03 5.677446018288129226e-01 -6.076075581659922710e-03 -3.764948380423246456e-03 -1.139116966226616208e-03
-1.808147489546736708e-01 4.247106127250722257e-02 -1.460286473499351236e-02 -2.153536717098110398e-02 -1.492326443007478687e-02 -1.606571157906731741e-03 -2.600518773107203252e-01 -3.949731134357133966e-01 -2.232882348306462761e-02 9.859989763501957327e-01 -2.668320700409430035e-01 -4.345884428988083248e-01 -3.075278164196751374e-01 -3.082017563721502207e-02 -3.694619829375181408e-01 1.286963747515869685e-02 3.313725946605727141e-02 1.557761672474168579e-02 1.389545441852570000e-02 2.341144018400053914e-02 -1.638724128800093591e-02 1.000815942715445848e-02 -4.411745484078475124e-03 1.472117823563308045e-02 -1.921252789254752555e-02 -5.327565772572910585e-02 5.021355655545102492e-02 -7.812713045152780422e-02 6.561151177538597848e-03 -5.736960094778192909e-02 -8.272024147492227850e-04 3.310149053747726833e-02 -2.698781551619598013e-02 6.764486209375941694e-02 -1.296869168807193544e-02 -9.625399817899149557e-02 9.779608299740655264e-02 1.384341766873923574e-01 8.563455327923580329e-02 3.892953845329073098e-02 -1.003697118744173999e-01 -1.209984597337214890e-01 8.720264072218045226e-02 3.715863672897808112e-02 4.414045832662005092e-02 -3.702159822976984760e-01 1.771537271569916666e-02 2.779317598284667887e-02 4.363041597612407618e-02 6.167297125468465882e-03 -2.319903854803980620e-02 2.622225116853126080e-04 -5.015531763081260662e-03 1.417477214643639988e-02 6.843368800929587256e-03 8.220758331292616489e-03 -5.096871621145121663e-03 -2.816696774415543020e-03 -5.099431538037014003e-03 7.687079512405306861e-03 2.511211356495109755e-04 4.495503358505005716e-03 -7.048809573356775750e-03 1.529521394735147699e-02 -5.010091874110157023e-03 3.724204954865563411e-03 5.402959349410972958e-03 1.273424525469335575e-03 1.533859100121890903e-02 8.688227577500481219e-03 1.234973289349099905e-03 1.243057796179973182e-03 -1.454888980215840281e-02 -1.733721759382209071e-02 -5.406983876198792095e-03 -4.035500798125934985e-02 9.844824392730650367e-03 4.940411935599560087e-03 1.771460627125590048e-03 -6.076981997623426973e-02 -3.805394197630207476e-02 3.865632970537247193e-02 5.477227391920436866e-02 1.997215888169511780e-04
6.995612544888384077e-02 -2.238978066471038891e-02 5.123209353760540402e-02 6.554771032915635010e-02 8.961908808978440860e-03 9.315977576064646271e-02 -3.994130946159980822e-02 -5.335563528467510835e-02 -1.507304475026877318e-03 -2.668320700409430035e-01 9.485669278360711054e-01 -5.673160318640236427e-02 -3.920590762997403639e-02 -2.080512154808550167e-03 -3.333630756183400545e-02 -4.891128768111801389e-03 -1.162898544018589088e-02 -8.639865267925213310e-03 -3.072244473830424566e-03 -7.969035963536146017e-03 -2.216627515253845760e-03 -7.615964849042367903e-04 -4.970100986619156030e-03 -1.032576765985812085e-02 1.876024138659308782e-02 7.567836101261940333e-03 -1.178862272303739245e-02 -6.834045995956574554e-03 -3.926883947922481764e-03 5.073343423993088852e-02 3.044000129661165316e-03 -3.838348823280399169e-02 -2.476930737311726447e-03 -1.801384000394078144e-02 1.013925703571930265e-01 1.901437415225416122e-02 -2.467107891647818407e-02 -2.847643211681319744e-02 -2.615579375307181681e-02 -6.863158303018237517e-03 -1.754372527805860699e-02 -2.324073528646273396e-02 8.749669601209993097e-02 -3.070836737482463691e-02 -1.831827288121894853e-02 -3.337315862903283969e-02 -1.672497269306690709e-02 -1.317212922991334301e-02 -2.418009690472465445e-02 -1.683887962742917216e-02 -1.168513073334576276e-02 9.494797455778407336e-03 -3.831385300618970341e-02 -1.948333671128479189e-03 3.110923684424386423e-02 -5.935037531509783013e-03 6.242963789851261464e-03 -5.661714501381101550e-03 1.262102192691125918e-02 -5.287816210667736598e-03 5.950494969781214283e-03 7.156008939200255922e-03 -4.180800855586011902e-03 -4.088969736950804658e-03 1.859765331647112753e-03 -1.815919474070748626e-03 -3.160155281638773496e-03 -1.988038920944362568e-03 -1.137940861875301295e-02 -2.540370976037306661e-03 5.675479035453004015e-03 -3.506535345343504521e-03 1.823605932510076466e-02 2.069236008934123225e-02 1.920588860220804120e-02 -1.103147191649543613e-02 -6.547722381129600713e-03 3.217596528657536235e-03 2.867430494849591144e-02 4.723906911943483167e-02 -2.568826659262920045e-03 -1.724403522575729958e-02 -9.029601261473440069e-03 -3.753742840210357902e-04
1.285419400317819316e-01 -4.033751119077325087e-02 9.828034891422604558e-02 2.418429259892817401e-02 1.551824239559274586e-02 8.701715590616500295e-02 -5.193111835736424764e-02 -7.673516132332861006e-02 -3.896345643787958550e-03 -4.345884428988083248e-01 -5.673160318640236427e-02 9.841134408942548983e-01 -5.906229713004006870e-02 -5.378073644400040848e-03 -6.692798048240415631e-02 -1.465731059230820834e-03 -2.049707915666251420e-02 -1.200005075325265465e-02 1.717204382868892792e-03 -4.567948859729510300e-03 3.918020850608301686e-02 -4.949458845724293010e-03 -7.744080318333725239e-03 -9.800055839868735547e-04 -1.031913776725035259e-02 1.553557299908003841e-02 1.848907756219682341e-02 -1.277353035653919569e-02 -1.015090011185560206e-02 6.344405725866680834e-02 -2.121272449998865689e-02 -8.356987993443565355e-02 -4.901084459072200389e-03 7.376997951145398968e-02 2.111297473274976327e-02 2.379763348736108897e-01 -4.936715309812960556e-02 -5.517485127117791044e-02 -2.597639001171088771e-02 -1.736635040893154749e-02 9.039864536635152867e-03 -3.675816257763230011e-02 3.089779667837609656e-02 -3.119448477423849425e-02 -1.687047569696976338e-05 -6.705544054690106004e-02 -2.848571201624888055e-02 -1.458809275926384319e-02 -6.718987213985741502e-02 -3.789385534922250914e-02 2.736353138871776454e-03 -8.395563765576385257e-03 -5.451874058537383577e-02 -1.295602687139259246e-02 5.232506172234566849e-02 -2.363901080154163972e-03 1.177214558441477951e-03 -1.080781550425032218e-03 1.590815397513028334e-02 -7.296632912121107754e-03 7.770400970879405740e-03 -5.136752231987974475e-03 2.096110399702385413e-02 -6.744354009638709249e-03 1.612236375542135114e-02 1.008749851655262562e-03 -6.956076043970131628e-03 6.896571231119907495e-04 -1.535676379108640022e-02 -3.844281454117473400e-04 -1.694665650686459722e-03 8.432941669504001939e-04 2.535615590561283300e-02 -9.369060416147288739e-03 4.684544743559261593e-03 1.482250131652757680e-02 -4.738844730379472917e-03 -7.910440130472619173e-04 -4.837658750382644798e-03 1.023297664253084854e-01 -6.640354838250597629e-03 9.492192249449825370e-02 -2.134020413925146256e-02 -5.133436390862493315e-03
9.785787921148666677e-03 -5.636256176117617096e-03 -2.325141521411543469e-02 -1.359056108783878239e-02 -7.318207632116585822e-03 -2.683559364790289933e-02 -3.632596215976089532e-02 -5.397313527115186332e-02 -2.803535222517705011e-03 -3.075278164196751374e-01 -3.920590762997403639e-02 -5.906229713004006870e-02 9.904689483559614427e-01 -3.869682073873619184e-03 -4.776660738393893879e-02 -2.122694560303792569e-02 -2.628959377860820915e-02 -1.219207436317768303e-02 -1.168086214398576100e-02 -1.424115495749802771e-02 -1.634117837768875661e-02 -1.715760734376596541e-02 -2.137983120077071968e-03 -6.697646130853665385e-03 1.815230941446159194e-02 1.021652434971275641e-01 -4.653629008586515625e-02 6.508434544269549316e-02 -3.104050815219177011e-03 1.067650107877876967e-02 1.467879013493687129e-02 5.142062094013345741e-02 -3.496039569507647469e-03 -5.011280320473770339e-02 9.800658281497030833e-03 -2.122590008620882374e-02 -3.302619733835306104e-02 -4.231971665126282867e-02 -1.876683491989282731e-03 -1.248800473734963494e-02 1.140973041372173452e-01 9.791586323429236904e-02 -6.772575314743924102e-02 1.954783138242851409e-02 -1.616375247138487903e-02 -4.785897125011534525e-02 1.954856996294252261e-02 -1.358643601000086507e-02 -1.228242573637202718e-02 8.293769044124094450e-03 3.731311763049713869e-03 9.077628747834919770e-03 2.180340325476240806e-02 -1.440772309069138224e-02 -2.003267421095995121e-02 -5.346195412454269290e-03 -3.795667931229654551e-03 1.804575675678858279e-02 -5.697112682675710069e-03 8.842788440219887316e-03 -3.556077009229880251e-03 2.272999072717541910e-02 -3.252241918531776146e-03 -4.775230461073282084e-03 -2.286068602996758903e-03 -1.516848428447405053e-03 -4.980520881819765211e-03 4.275627425647754616e-03 -1.208443215105786672e-02 -8.793936346803957541e-03 -1.404704351126455277e-03 4.639142732575004743e-03 -9.739626281296317328e-03 1.475098522610889668e-02 3.072266399523493861e-03 2.255994217448435701e-02 -5.730916637503503941e-03 -4.615611165661051216e-03 -2.872274149705447005e-03 -8.630110544617462104e-03 -4.777930497192068443e-03 -4.219928156762892124e-02 -3.105862519676447914e-02 -1.000321774390137714e-03
1.641252284835206451e-02 -3.374675996547852209e-03 2.334912290360608572e-03 1.116387766590895949e-03 -2.588452935033220756e-03 -1.181795638800157110e-02 -2.809697846321920420e-03 -4.765473982449547168e-03 -3.722406883348686234e-04 -3.082017563721502207e-02 -2.080512154808550167e-03 -5.378073644400040848e-03 -3.869682073873619184e-03 9.522833159082580989e-01 -5.587093233155095498e-03 -4.122485992865713642e-03 -4.780860153056032749e-03 -2.727655344650406141e-03 -1.801951387056900406e-03 -2.447383975843170616e-03 8.343162672946670064e-03 -3.185358742057053938e-03 5.550439319664902081e-03 -4.013423459967004059e-03 -6.800599191168685970e-03 -8.179247346099113511e-04 1.669363453153202212e-02 -2.712138299340144040e-03 -9.697748583679144689e-04 -9.523570832505440752e-04 -7.410406993609139001e-03 2.081670042167800810e-03 -4.052650808668456397e-04 -2.705692988632337013e-03 -5.095639236011804615e-03 4.380473092425415937e-02 3.119859653924310534e-03 9.594422770737093742e-04 -2.914721021260655888e-03 -1.643396595259136997e-03 -5.457816559770120764e-03 -2.433475671817507489e-03 -6.717286959666958143e-03 -3.063555287587329309e-03 2.910438589888490052e-03 -5.600620359839887652e-03 -1.368198676085717082e-02 -4.385049041759663674e-03 7.205926252293079308e-03 2.365844463583002041e-03 -2.245824681432881907e-03 5.979696007878885534e-03 -1.749987050667203880e-03 -2.180130843677349946e-03 -2.996096893504038511e-04 -4.079118475094793759e-04 -1.092607972909286551e-03 -8.713394416905187413e-04 -5.607613120842568815e-04 -4.299145717608853184e-04 -3.150894461737623834e-04 -8.633875609119808902e-04 -5.877497135335898928e-04 -4.839306025481019454e-04 -8.049151333098402859e-04 -7.369637484695541144e-04 -6.137022982331051361e-04 -4.909618385864880554e-04 1.976635678861471054e-02 -9.472577241026482447e-04 -6.954834594520556065e-04 -3.425325537192353323e-04 -9.523452823536263231e-04 -6.817398148435930985e-04 -3.940883574474687173e-04 1.798005931674695815e-03 -1.185631189365362508e-03 -3.273078923911170997e-04 -2.690696784516044809e-03 6.846754586546772124e-03 7.836502607809944232e-01 2.692543353144227422e-02 -5.196707763741692347e-03 -1.572307873589906795e-03
6.082220459431344345e-02 -3.259625615085776952e-03 -4.634613820976917625e-02 3.248192288897147964e-03 -4.309664483294334617e-03 -1.488417188112979850e-01 -3.745510523986934209e-02 -6.005015830306047186e-02 -4.047777665356191816e-03 -3.694619829375181408e-01 -3.333630756183400545e-02 -6.692798048240415631e-02 -4.776660738393893879e-02 -5.587093233155095498e-03 9.681464010349347671e-01 3.080000362884327547e-02 3.013500089322390316e-02 1.523636125206172080e-02 8.534376923224817543e-04 4.774335032143759219e-03 3.046140503875157182e-02 2.054251337149720288e-02 -9.384246800878660866e-03 -7.755557845882993587e-03 -3.095363602740675707e-02 -1.700392609924458818e-03 -2.521112758401611309e-02 -1.580276692626638238e-02 7.276953919163100734e-03 -2.332054458146071065e-03 2.498240235130180439e-02 -9.451040689227556413e-02 -4.608874528228472899e-03 -9.261015132525812765e-02 -7.448496203147976502e-02 -4.623945794384343166e-02 -5.612796127754055009e-02 -6.723905124983700632e-02 -9.256002079573014130e-02 -1.792084260191562084e-02 -7.709472173357456715e-02 -3.130066542628361786e-02 -8.308398431321292743e-02 -3.853352361872842968e-02 -5.649781515023900857e-02 9.662777883785789168e-01 -2.215106699651868752e-02 9.290337331637680933e-06 7.224017172876287529e-02 -1.902430496536605675e-02 1.058444481664987981e-02 5.786950491088490092e-03 1.019634432450045383e-02 9.431838825687828554e-03 -1.674964009191151626e-02 6.628518210449612941e-04 1.276541789227923600e-02 3.813046040041984108e-03 -6.768536318583603419e-03 -5.532017329618454243e-03 -3.964741925947453186e-03 -1.168358062589019281e-02 -3.896696181439490009e-03 -5.776851035756837109e-03 2.245543678051252316e-03 3.483195276394316416e-04 -6.946988675537547691e-05 -5.338761793240523641e-03 4.116944406205646579e-04 -6.108217147286280598e-04 -1.190373327490163889e-05 2.844995566238931513e-03 9.680142140296867093e-03 2.708358279702189481e-02 -4.713895538494169458e-03 9.620817952467919029e-03 -2.809170447106114875e-03 -4.537968774958872978e-03 -3.663044730571651201e-03 -2.138714370990059746e-02 -6.898433163175695000e-03 -9.613317625913944675e-02 -1.678047301574322331e-02 1.639746968909255431e-03
8.734414704756584061e-04 9.034870904752105233e-03 2.040023151137971766e-02 -2.092152849515218054e-03 -3.470903747239088757e-03 -3.378797544382759060e-02 -1.847835426602331341e-02 -1.948189057975445448e-02 2.571053854389217588e-02 1.286963747515869685e-02 -4.891128768111801389e-03 -1.465731059230820834e-03 -2.122694560303792569e-02 -4.122485992865713642e-03 3.080000362884327547e-02 9.901979979629558226e-01 -3.882472859181462788e-02 -2.234638574547354734e-02 -1.457499440239890150e-02 -1.983276207487012777e-02 -2.890038000359927001e-02 -2.589389927827660115e-02 -3.182830959108373658e-02 -3.489258832822560163e-02 -6.357009468945058750e-02 -1.072582662112427608e-02 -1.255569393740386397e-01 -2.808936279625681362e-02 -7.781028355698113921e-03 -1.238027533950599238e-02 -9.614916821055032037e-02 -4.588892509448776885e-02 -3.346360807264939837e-03 3.028183529014594547e-02 -3.615322827636334446e-02 1.182974249802699711e-02 2.105261829746992233e-02 2.798445022349722172e-02 4.868827614485083527e-02 4.332852198107002908e-03 -4.716820062438174116e-02 -1.448447771103863503e-02 -1.121072511414426126e-02 -2.460563690841970075e-02 3.046226041229688902e-02 3.232845508878900292e-02 -2.448640798381231110e-02 1.079508744692059090e-02 2.390886603205246916e-02 -1.249211618543768793e-03 1.091105461704292012e-02 -1.752298471935594473e-02 2.209036334512657143e-02 2.473516302734443673e-03 -1.350121476625117112e-02 -3.758154174922180134e-03 -2.899444097617917375e-03 4.682071702192151970e-03 1.670857002638157906e-03 -3.851276185081203233e-03 -2.780572396854930246e-03 -4.305580149194985183e-03 -5.527941224441209299e-03 -4.124078371013466249e-03 -2.814054059606068206e-03 -2.020395241731406943e-03 -5.000548822968496794e-03 -3.939252450858709599e-03 -1.036428307599595797e-02 -7.954520013723140326e-03 1.088020507441786987e-02 -2.988446584100740069e-03 -8.188967490630753160e-03 -6.289248643882437706e-03 -3.362903593105148314e-03 8.482467152684461040e-03 8.244311274741784380e-05 -3.085067856953862837e-03 -4.456316567512890077e-03 1.140728711428560518e-03 1.121236572566050756e-02 3.923840451646325167e-02 6.354803191429873703e-03 -7.039327441040400986e-03
-7.048095734284245961e-02 8.859709594857781423e-03 6.855131930322709913e-03 -2.822022873038004288e-03 -4.355355643509609305e-03 -8.211327339931247249e-02 -2.129876189634488312e-02 -2.392800343328839799e-02 9.155367721938039924e-03 3.313725946605727141e-02 -1.162898544018589088e-02 -2.049707915666251420e-02 -2.628959377860820915e-02 -4.780860153056032749e-03 3.013500089322390316e-02 -3.882472859181462788e-02 9.781947693733413773e-01 -2.575755517337460429e-02 -1.686267073965629429e-02 -2.293306732414077120e-02 -3.336013293443398919e-02 -2.991432467923641619e-02 -3.616251317988888880e-02 -3.954492944579825198e-02 -7.064302824040831486e-02 -1.101513991428377387e-02 -1.437804074765069162e-01 -3.041126595252544029e-02 -9.023683398782979953e-03 -1.273690065529941087e-02 -1.098120688401459794e-01 -4.402830220706246273e-02 -3.848401834695164541e-03 1.289886628307242156e-02 -3.778124750831677453e-02 -2.842676808894877005e-03 5.288735084043238305e-02 1.300274307492581619e-02 5.099914147874757414e-02 1.554459121133706934e-02 -4.943753171577509875e-02 -1.678463488122778485e-02 8.442654538865213693e-03 -2.518161748406870515e-02 2.714658892840466492e-02 3.064720324187675607e-02 -4.840111636295333503e-02 1.218753717831549087e-02 9.308871243920989469e-02 -5.141428879023328055e-03 4.577490237050762731e-03 -1.377618559139747421e-02 1.040349040055551025e-02 -2.703060918235178182e-03 -2.481739692261498292e-03 -4.192405402152875847e-03 3.936581879949677121e-03 -8.651423131382521281e-03 -5.475010369147382573e-03 -4.328924757232157673e-03 -3.138314747849186345e-03 1.059902892426418421e-02 -6.133063550121045301e-03 1.861928666339888972e-03 -8.134202323209388172e-03 -7.545860955872262139e-03 2.548857975459499926e-03 -4.568363630034480080e-03 -7.157306109088674723e-04 -5.405099390666844375e-04 -6.618066802587760714e-03 5.325346807740326781e-03 1.866025619141425083e-03 -7.013500982148824711e-03 -3.831263763243229151e-03 8.026157608895391482e-03 1.725191144430684043e-03 -3.420838130714219660e-03 -1.536908595374384193e-02 -2.626908986461359841e-02 1.265704511658454845e-03 4.899247261619939925e-02 7.392287343170835488e-03 -5.479779312954138892e-03
-4.724881503438668057e-02 1.235398120544739867e-02 9.101275761181634033e-03 -2.189976146024507318e-03 -1.049390623417950121e-02 -3.311962588348215525e-02 -8.758021042408456469e-03 -7.880826621386506983e-03 -1.976151448007977714e-03 1.557761672474168579e-02 -8.639865267925213310e-03 -1.200005075325265465e-02 -1.219207436317768303e-02 -2.727655344650406141e-03 1.523636125206172080e-02 -2.234638574547354734e-02 -2.575755517337460429e-02 9.777025087729489528e-01 -9.660947896395429696e-03 -1.315150703359718905e-02 -1.918961119096726509e-02 -1.718264940767182114e-02 -2.138431300055008283e-02 -2.348611988493651617e-02 -4.339781964163896139e-02 -7.714637402996070425e-03 -8.386864932378165771e-02 -1.952461901801494024e-02 -5.148340981147563750e-03 -8.894767337946422187e-03 -6.435190691900935511e-02 -1.031134214853881778e-02 1.467742728883566876e-02 5.357471015898559313e-04 -2.443023071782250699e-02 3.498702596237596857e-03 1.976345116096916987e-02 5.654542452775676575e-03 3.072735465067226793e-02 3.912552917848009966e-03 -2.947356870000564233e-02 -2.100507849965680025e-03 8.074011588657694066e-04 -1.300346138102763394e-02 1.854625390035133034e-02 1.508942829844172814e-02 -1.407175253670274635e-02 1.414673283461164582e-02 5.439657085590041824e-02 -1.437100800888677088e-02 -1.984428231115990164e-04 -1.032318625629192674e-02 2.280497097449381283e-02 2.726602309094732640e-02 -2.096219069975842342e-02 9.816676579504770433e-03 -1.644722692919607914e-03 -5.164335151134641193e-03 -3.231722397770689023e-03 -2.607845967872474136e-03 -1.877238973794198747e-03 -5.455185528528760236e-03 -3.778104889910050175e-03 -2.764511866863545667e-03 2.067086339893174640e-02 -4.594395341171476736e-03 -3.319979249823459475e-03 -2.606418316546251987e-03 -8.782263397763695467e-03 -5.315693403269556444e-03 4.165875648661490280e-03 -2.012951621219536986e-03 -5.499552742247424547e-03 -4.282890950107874455e-03 -2.254894056023732437e-03 -1.560397564892776305e-02 6.109205616892977603e-04 -2.109350335875300950e-03 1.372460883796468474e-02 -2.328000628494870938e-02 -3.367860048509600714e-03 2.622794615952798308e-02 2.170118831333573209e-02 6.531382867454762608e-04
